650637179|-1961320455|-1754018097|-47121577|-865210297|-1254365531|431100797|-2023420199|1617849096|24310669|547874033|-1372036663|1333532741|-33050378|-1889553370|-1848361825|1172085208|-1869940239|-1975846258|-847600105|680833799|-763727136|2076574277|1937856856|-107516458|-699603399|-1828487799|-192710055|-198065770|1633757577|664117610|1758440576|-797864255|612880060|-464406595|1800302475|1222640649|-1449122406|-534356906|309782195|-757808978|-45788780|1728829813|1151757838|-1473755121|135296961|1413044096|-74341836|1315019396|-809416414|-1420766222|1019985445|1290012522|904817965|-220261485|-171216022|-1369469826|-1007447927|2125202409|1185063033|-1156098450|854268949|-550813714|2047904093
1860032558|-2078036990|971798166|-1633017210|640876593|-157262558|-429859267|-1166995596|-1643148738|11288410|592280428|396017840|-1711560897|2071801720|598276060|-1947051510|85049128|365591554|1294011342|193186812|-1788187264|794165609|-121489361|846359803|2074952223|1399739773|912162550|1972327440|15092280|228832804|301776336|-2057156441|-1472420455|-514805946|1393594111|-147760217|1898359857|1630710795|-1898654593|-339706430|1702651858|2136860488|-1608429206|490972941|-309238216|-1566871754|-1179257444|1116955603|-276093110|1140273252|-897794150|-430122331|-2034652257|1764703214|1743607983|-620519499|-401873085|1309981935
410839396|-1710089030|-1157476045|1647186913|-1513031144|-1919130556|-1735214799|-2058740913|-580332717|1881400162|872289079|541641856|-551844352|387020953|-1154279961|527965072|-296766448|2061295477|-819659295|351860607|851121989|-13922096|-1390533951|-341053936|1351819597|-641277101|-1737332917|-1058428429|1587480850|833957949|-1947469595
1187830096|-231079837|822088261|-967575145|-839887769|2000520567|25212266|-1569431027|-1569996430|-639900788|-631533361|1087958345|-2064648553|820055769|574981086|-1995675288|327300256|167657916|-1321896286|-1216807541|-87316534|1909608194|-2071430975|-1517776967|1839178205|1387156581|-623617112|415966467|736289148|-929787563|-519226361|-2074042392|433027774|1283941883
1406501115|1144403196|-1776632198|-1005026406|662212034|387412460|-1734709641|990271227|1244234209|-1090850322|-1522777893|-1249878570|1711222392|-66123354|368885719|1658661026|170240968|-1114825526|-785254104|-980726772|-952401636|1701474876|-724581733|-161405651|2055136998|-1522944677|-301120813|-1683477249|831162151|512931989|-153894326|-926576883|-495755244|-929346240|-765785963|-79104151|-317739786|447038634|-573060629|960875491|71891281|-24973714|1432676583|845825143|668582472|91531273|9998476|613095174|-772191681|-1918414420|1371695754|210872905|1602126530|-849036206|2128639423|2032534530|506278052|-1047239403|1076642048|-1270028685|-764498325|138154429|368741912|801493268
-761978214|-893148912|1685837951|1636086320|2118430099|1724563376|320309679|2039604897|-2020493698|-851466938|-370193303|412082273|2018908337|-1759711579|-1770587911|-568670984|505148888|-1833778576|-1121544927|-354535118|-1499283960|939342232|-170169266|-107255993|-1843124972|-975549406|-348784883|252101435|-1755145953|53167661|-55949892|-1332530809|1410338418|1965689139|471851652|-881429511|-1112198001|1912249742|475618950|1670185176|-651270010|-1073358786|-1003815340|1937877067|-95094650|1748113641|-284477022|1862249466|935365814|1054565410|-184614340|-889443083|1895156037|767319533|-577829317|697177044|756317631|-66197374|1385324915|77190944|912848290|-1170511023|1668182575|1460192241|-2123809231
1731380512|362392792|216036743|-439274162|1458785425|-1328340226|-1164478738|-973625320|-248359201|662543757|-185894799|1789874720|-1370556376|-695323826|1941466543|246413032|-872162494|-2033137006|-754564111|-1019234680|1984802287|-1272257706|2101693311|1677549161|-976249778|-1942069343|-891854289|-654802355|306155411|751169073|510178110|-1807507055|164307962|-1552221354|980688994|674028726|1744931320|-1544598500|1836886047|-619839715|-958544205|-1044207697|1900436825|1970069777|1313867700|-784387333|-1158757334|-1422825973|1633418715|1408066194|1466804213|1900452656|1858958227|609920723|1996799675|307280413|-840723899|-363055545|1001762220|-1350954009|-798586095|-506881458|-801422591|435497053|-1432185157|-1354702342|-411305720
1778286819|188784442|-2059856256|514624404|1267937913|33690171|-383844314|135663750|1888284526|406857482|177246095|-236986159|896940975|1757292925|-1093631176|390064045|-1894278322|2116768595|835279835|-1085027352|1922474498|1731106970|753220355
-634255919|154687056|-194210078|461712368|-1012946677|-1334982835|-1812211870|295650722|468504442|299656031|-485674887|1414774724|-300944682|-1755214666|-1936372287|-453300410|140438142|-1399509118|-41508025|430758531|1360222821|-1748224038|1727559586|1029438407|103980362|204603871|1726741319|-668456943|2026741291|1346775073|1870332188|411491865
1895715905|2095131722|-1412922988|-1621108078|1268905430|9021271|1138443957|-310294556|695206804|1465432179|-1521298953|-365767563|-2038617429|2097792785|-68972519|40101900|1530597484|-1695570247|955058794|-1185934426|-1275098574|1190017820|-945898682|-724818515|-2048069761|-715011736|284632800|-1915499159|-485823899|-1491498275|1200962624|1569292726|-227448282|1355830432|743457423|-473850121|1264426014
-519383406|1749872714|-1927082271|1741997269|595180660|-624551939|-1201052768|2096595198|635406791|-387413185|-95866416|-375777971|-1404408884|-1330703078|1038156044|1283981|-1712222734|-723315552|254115130|175523493|-131865444|-542840220|-1606530835|-1538590928|-15572953|705251628|1005785610|-1296157363|1423690795|695098852|566414509|-73584718|-1595875584|1978073812|-579258291|-1160921081|-1932837501|-129404395|850727709|-1798429583|840595225|89271105|-552362059|-931250580|-558481933|1159921769|-639868687|-2076349731|-1389011053|-562987445|-1873661927|260392807|175980943|-1573444668|-2005069502|-203753220|1381361301|-890692477|328362483|729139127|-607469650|543453951|1935113738
1290849734|51834282|1429493472|-1487050639|-802236565|-2068051098|2020309163|751562321|-1012091179|2122896184|223152676|-1942469251|-228916186|-1424463045|260199017|-791828748|357867506|-1995003178|-403132125|2092233748|-932191744|29695025|-1044286229|590403370|-840077230|-11919132|-1834077207|2047007048|1066336866|-1048498703|717720254|1353417051|1866503342|2147373812|389440931|1789186172
-463044456|-1810483246|467120006|-2140296252|-194952627|-1624718044|-511565336|-896629332|-444604617|-775265797|1053643195|2018853589|180426345|1963969889|1890568470|1278750263|35121746|635767153|967404705|-17915355|-1546702985|-627649035|145492840|824098190|218813026|-1784237744|542939121|-1311069825|-1119680295|358843294|-2113511793|-126995733|-475733421|1254053913|727371000|281394350|403106727|-428029762|1957535509|-154939953|987224582|1347747887|-402225895
-1286049493|2053207515|-312568107|-518761860|-892266288|975358043|-420403127|189342936|965137763|-1037018593|1726796669|526802554|-700803079|171086921|-1354052718|1868563969|-1506207357|277083096|-1436562157|-405615341|-1448037057|-135052023|-1877262448|1887458396|-1050282384|-958156551|-568435603|-25351210|-147403440|-1850900082|-1591841033|-2096622773|-2056806587|-622018664|430080439|460734231|-525031853|261689138|-430043893|-619141838|701846482|-57381266|1215265521|1673172589|466004576|-1777026512|316838950|-191223812|1477231384|824581466
381628724|-664079869|-1832726999|-669674443|278782356|26557902|-924926498|1405341015|-1908526327|-78307651|1452023456|145707323|-1359889299|1808185567|-1354243168|-401669594|-231364527|-873265789|-1932812418|390705613|1391907835|1197383658|951346411|-1996021972|-1890952527|1835804989|908365198
-217247432|367818689|-1182758101|-583673589|-1845447273|1495663944|1539647234|-849941552|1243993888|-1304407830|1710740341|-1617741508|92125872|-1734924299|-971508756|727876047|-481312971|-1941632479|872562428|-1566317430|1489110640|-1418519288|-1608147258|-898940550|525166075|200303316|-1174719587|-1247170156|1502667917|-562485191|388586731|-750442552|-1534507139|-1707942491|1347677268|-1646227633|-2005568380|1450168246|-1273370853|-841548984|-1577538618|34697964|233011653|-620643454|-443032045|974599839|1663631867|1024092827|230663017|928191283|-1861856588|-611890871|-631990851|891045769|-612657517|-1003390217|-1868033030|325843384
-1704331373|-1345867446|89566972|1604082382|1899710118|532534419|1150340846|1691161565|1565743012|381570115|-488921611|-1653929475|408030085|1570888272|2115738364|1688394966|1870545812|-1581253510|1521454181|-896914091|-423851642|-1117358893|-190019524|-100940849|1119855821|-1239263616|-1558162513|-124947348|1948037422|151427777|1404073405|1658152386|1433504400|1700299310|-2012038866|40541632|-1570397673|1573537346|-1523099198|728168653|-1724215183|-739188963|-859025235|1659825968|-1910310545|-383131259|407139393|967167153|-605317929|1341307181|1208245997|-1170522496|-1444188040|-1325219014
-1482073258|-521289859|-57799422|239436834|-964130342|-518468858|2049882902|-1853580275|-212801211|1861933044|89087106|-1242941834|448208968|1193219588|1892724306|-452870069|-1278429652|-1827017697|-1622568104|524160133|-345351621|1780299247|-1914158035|-1431413275|-1209221794|-1088797003|-1159201932|848156640|-508370425|-662649511|-704732571|-257652009|710346320|923186626|760889737|-1255108726|9014372|-891862169|1962817986|-1837046322|453477662|1984635174|1154255246|-1378678146|1352450287|740725332|1804051084|-1969260369|-1749316860|-762941164|786273086|-812611034|875721383|1818674668|-95057649|2015521550|1328203492|-1488796523|1426386584|178394341|-81745808|-1577631215|948021790|1529644215|-1792027194|-1022494717|-690274209|-1330732913|-1927375469|-2144786118|1237114766|-1946582999|-2143132844|-1548977266
-1845097236|-957332932|-1841751313|2043428022|482225430|-1025189286|1281391034|-548614891|407957049|1965999099|-78495154|450706165|695886565|-706239156|645877215|-1941044769|-1434507354|-1381038524|-1250642807|1686304300|338084656
1775192744|-1238820405|-1795205672|-1496767761|-363258010|-1183942336|1323846726|-560967185|-9973612|1592546543|1216940393|302140088|-1968453698|-1439425894|557038506|-741332167|-1358056327|1148449575|17027427|1843084736|-1187457026|-1011881818|-938819438|1688320158|-1404701188|-10950509|-850061879|-1195027446|-119275863|-1210374569|1824325225|-238364091|1167640089|-665738732|-2145467889|1837110783|1300585683|-1205545055|-1328095411|-295189767|-1916871263|1245108691|1220067228|-1218353942|-1459239769|-392208898|-114805103|-1782765402
-81888325|-1829814193|1531589501|257181667|-1416289046|890024765|1777337569|-1545427885|322869754|1397741815|-397816245|-720431529|626417255|-1704975735|-54205090|1509217983|1015705988|353332186|1630647371|1039772778|-1068380294|-1312259482|-976696201|-1690596|1111195280|-170728657|-1231290533
-1446335316|440394741|327524780|1416568286|1001955609|988068772|388390075|764995301|935167625|-1643635187|2007249437|1475417164|1787646302|1386307288|1373869454|-1766259331|-389659100|-1905111111|1746780434|-1402716927|2002969698|-467382814|1162192733|1250520338|924400018|-551275848|836708468|1778334062|-2043813780|109059016|-1694339949|-1390230931|-941543318|616906236|-1015051951|1200835925|-1375641208|-670353399|-541797119|-7365139|-1735088052|1849530411|1223461979|450286927|-1120236027|1972078868|1530703452|1689774594|-1407973033|-353314271|187576938|1108872520|-688514314|-1068837169|-316736326|-605449805|1638068912|1939775852|-1985727242|2115118846|1661067441|2036204817|-1771511015|693665561|269391618|1456665295|1281291933|534687877|-37978286|-139911641
-1775244830|-1215092487|1024486591|-2122972253|876432069|-1852501191|627715411|155451708|1259271631|-1655547962|-1809954327|293479021|-2102677510|-2011367032|-2125141688|1906189805|-922050250|1802296222|-1272695894|2038494213|-871888332|215852198|-1769394512|619281782|-1366359168|17895995|-595729259|1662526617|-1313367595|-1335590722|-1108456794|-703785784|-2034639956|1980803929|963681009|-1517409284|327920661|1446438977|45946172|409950903|-620204342|-170957510|1596742457|354852388|2145313153|1017129056|-1287463946|1336080508|544388738|-40052445|163775130|1206913962|-2036022152|428578194|2116492366|-1180288463|1649270667|986404829|2097097080|1103196749
-1143164908|-71430610|-1116272808|-1097852877|-1122642379|-1840982551|-884654737|1197540520|1559713892|707919480|1576889173|-531648802|1915152764|1575353912|305387158|-1571835323|-764800058|-1299351166|-275862033|-1500020609|-414002169|1486150499|320849389|1300302643|468476095|-1007663726|-192218157|250263328|517382576|618531742|930439872|1582034037|1579359132|-243716761|1406639889|1276237920|-567389101|1540654286|-2070932477|-1173474331|920449772|-961635664|-231225443|-1425333264|995369042|1197037327|-1291378484|993298092|2075716610|-1250951022|365290447|-1992801771|1459271954|329858863|-2020339499|2080663500|-529991820|-1749412314
673399337|571780476|-853931728|-785081093|1059233430|-1241344609|1053286648|-1584010374|-1670059750|-986000260|1915863754|-2106970175|-1290801868|-250639584|1884983177|-1548425192|1861636074|-1060910715|2105654758|1975055822|2065045280
1110582222|-1137534044|-944254419|614365452|-1913691356|-1882685846|2103392171|-899379463|-83825232|-1107719190|615992462|1329708297|1062523990|466086917|-214865801|-1664830365|2137249162|-1598070756|-1365267638|2067990905|-660381949|1895281841|495499261|-1295370168|-659982674|865741133|930859187|57026782|804372197|712700579|1300852745|-273876964|-1838020128|-725206283|-797533266|-1388836675|136327275|2094154934|-1518031816|-760307562|-2089672743|-836856976
2055640607|922506040|2124562151|344539265|1088672305|350366661|-1542859649|-1157426217|2051516945|370072738|-1935185190|-1816465495|1011701164|1130683846|-622998587|-254855117|-775879132|461183540|1257887828|-1712721459|1010000011|1668173167|1962642250
-1090297619|-72858580|671235519|254069468|-1493898861|712373321|-1306127876|513241865|-1509260666|1601478653|-1346197335|-952209125|29166929|-1652721583|1725269033|-797660247|1377071371|241332943|1884601925|-1350384737
1287014008|-1735855097|101145683|1963044126|1726137338|-1430287384|1762873558|2003115759|-1286603486|-363283923|1212377740|382762596|579989391|-1920538739|-22647553|1781885752|-1447450968|-884253161|-455636241|394612742|-1354626865|1083596882|-1046308691|205670412|-1746943018|1177489061|-435646552|504503601|-654373711|-1670791431|533739336|-982212024|2083595885|-923161956|339216122|1326378390|477553760|9770600|1880855947|1997617041|-344679518|938563876|758131129|-296394262|-1133561925|1611555881|1243693063|-1775211826|-457611619|656388680|646912465|-1630449561|-1607266348|1138409706|-109139553|950806696|-1276343557|584152953|-504663875|1276670282|337791346|922820863
120970257|618456909|-2044404725|848043536|-375710893|-1060317298|-924539685|-2146624427|-343510342|-138928233|2095603127|1976407536|461377608|-1874602535|359168410|1180157278|2111467931|-548775983|1951149336|1217286038|-1921164942|-997561547|-1937815173|1984752218|-1456727697|1351269994|1814570542|356291535|876622878|894467128|-2063057826|117124943|-1176659147|306112192|1356355806|1331665790|-164229603|-2040451668|18581578|1520473499|247815344|-893455448|-1007541905|850787864|1086886468
-332885526|-1196338581|-254915352|-1054567955|-2141990642|-985436122|-547437331|958989594|92773642|-931990203|-1449244505|-1502690615|-732895669|-1394093626|28651636|1455336492|-1671361249|-865739137|-839610627|-2107345299|-2097359462
-1084284484|-1639732510|1007433149|1811350981|-726514243|-817891713|-1143578157|-325237479|-1904020312|-577340277|1783085854|1312034967|2143227390|1718427799|-1101691725|-648752279|337866913|1958214570|-1561492830|-1518618424|1346087066|535064769|756934489|-1753245813|1820865814|29135990|-821808311|291799808|1001695922|-320021506|181922505|864425215|-1969801736|633423704|-1890564549|-380385989|474432040|-967935294|-655212436|-1263869477|-1791932358|-242320529|-725178560|394198344|-504755677|-46136457|1456345742|-2059737784|971226711|-204300017|1803740489|693204812|1598812047
-300434209|1612113413|-998173493|1981719613|1327690469|527451196|-1459935846|387141913|-280095501|2003855587|1802677913|823013173|-643139892|-724139930|1640376888|-1834727654|1606042306|1775492934|-1462394428|-1555710747|542092376|-1983649303|-74917216|809119287|1079650600|1675240875|-1464560682|1110473583|466867207|1014482744|-405301298|1751478299|-478192026|2115719708|-856644004|-290980181|-1941359621|-17687141|-264602881|-189201561|488944799|3986109|128676711|1928315554|-496457607|1714763693|1911200311|1894487599|-667135396|-1288381373|1430526476|1387167252
-2067694625|88300734|1577289853|-512206071|-702732168|-281453851|-523287309|-502758939|-1622830348|760864670|-1877494067|-2041567370|-1708194631|-377305969|1651800806|-914390382|-272834941|141322791|-697363312|-45871530|1136832632|-869076950|23500231|-775561142|1484144505|-1642335636|487134889|1788984515|795610042|1668599260|1940434981|-1908044408|-574804844|1419882948|1574497778|-1152704840|59676057|1882587470|-1994593341|-1295563286|438245608|1249036617|2000523704|2101467030|1208138435|470830637|1130538007|1819086514|-1501091234|-838601124|1686149691|1408846496|1990620153|323228842|-1218940724|-2108930233|-1666564048|-241215713|1684400944|-1531890818|1492333713|-271196677|-1158940608|470370737|-277001873|1165901561|1360408126|-1654993218|804464885|824244440|1294045703|-1223255264|1387260797|379132694|-873587324
-1255160542|1399924222|-1182942874|-2055623579|-815433581|752838373|-419652078|-382175740|2087953194|-1149938513|-1288024104|725035638|-240765380|-406212456|-1522947477|676383766|-1619414606|295530289|133279629|-1849106705|-1354566696|-998789721|29363465|-497571422|-438062476|1505048395|346656230|1396646028|-970657510|-859021491|764668633|203480871|-854456129|-1957809461|-613962245|284152753|1430525067|725239562|1522539963|2044625162|-323561486|-1345673214|1924817685|-472581406|-524455419|590457631|-1160487165
910062084|-1826903483|-1948327116|-151201974|-960224968|-94180587|1309557243|903598573|1986467327|-461097362|-143693431|1185782072|1751540776|-213457866|-1078526369|-1656903255|1369570944|1022582618|1673734397|1897832606|-295625299|1436509714|-746583329|1911767099|-1390952391|-523793815|191499945|2145996177|-1619290127|-1511934212|-689404000|1853992188|392820848
-1385278372|-1819057972|858102518|-1732433781|552958139|1663913510|1301039997|8909835|-196746471|1691675692|1750192910|70237210|-372846403|-1780596389|1766765392|-1591633292|1671267733|-1585720523|1841727329|198891335|-1428993242|-269784033|-1603068440|780204974|6810301|1158601611|1449042026|176818295|-942336278|-1173482407|-1134011427|652924204|702183470|798117242|-386597254|1193139025|2008109299|-1392506666|-1677435177|-1548422679|-2059277124|1729111152|-1728831436|1464646975|-1008447844|-1417258554|567789588|1122031330|1910035180|-1564094595|1506023695|787214832
-1863671491|-353057050|-1011908713|889832313|-115768870|1284560856|1051891673|737112969|488954803|188958515|-1237308786|-221808686|-877063329|-48054995|-1314341713|-196190647|775409797|-709070861|-829671984|-1864061798|1468297482|-3964414|-860585490|-1330915164|612502130|1747415478|1666321259|-678046681|-1608147585|1198091808|-1342746283|-298508356|-2046468066|1261544732|1640046062|2089195781|-914865789|2023939745|1038950760|298678308|-1293480814|-117704358|-2030504720|1227698288|1394789504|-755229578|-1199584787|2100570214|-1012246598|-2055753029|11356553|944078045|352527621|131695329|-1199544209
2011680486|-181634787|-1367264554|966656113|1297148227|2063595003|-2143759170|1211450203|1921191242|138524272|501965434|1184931720|-1953022063|-163206865|1309091181|-2054196380|-559868803|1625638203|45445400|-1790889168|-974637336|-819644995|1077232723|1773087473|-18795266|-177639657|1583889114|37481387|1877718887|-634584776|-1887530229|-1764763697|379225770|-1347142863|-1053340691|1053655793|-39058736|1300558856|1643487092|-708847427|-1826623161|-187036468|255679746|-380682453|-700332791|-519798807|1010559025|-1960171535|1498203389|-1862430275|-48504881|2069939513|1556198557|261289578|591245609|-1149577836|-1579425064|751763693|122657676|-477512915|1611514681|1523330927
-1477946815|-582257337|54831323|-3384969|-1283638578|-194257361|-685539408|443422909|376146314|-1370539872|124177944|1840357712|124326934|1946435318|335478584|459698682|95472755|672355226|189323720|-483752483|-1376067659|631851943|-1467670554|-1000220232|-448033803|600948689|-1031153625|499810663|-1543183989|-745863294|1259770863|-922873424|1773593469|-1350811067|-1409923326|1039753788|-1444103375|1840780135|1588495450|-2066748446|-1158876310|1300034523|119878714|-1572845781|-1806832015|-1366409634|1319311235|53710610|194972562|-70297125|-64312251|-74863605
-1719884273|-427800680|-1036989626|-1638357571|-1091301776|79263917|-5863884|549554413|-1766234293|284625183|1491435081|-585682903|-1149175509|2001612430|-1213566716|397167426|-523444607|236634478|103286828|1864411140|-1085270143|-834826980|-940512677|-191835548|-216762295|1046940978|1347669951|673383413|2039403848|-440390629|937271071|523179681|-1432415779|357029609|1265751836|1122397844|-2026900162|-178947483|799655865|-348385413|-721098341|-1558332057|-818978787|-1726197522|-410908286|2048396392|-623864682|1879500329|-81977468|1811466837|-497770271|1897213186|1659665433|-1596114267|502049448|-1147013097|1337116096|-310150995|-441612213|157763654|-334157974|3805234|387493859|-1069962911|-862224104|1272449856|-1802071421|1104160290|166756034
1881466816|-981268644|-1294878341|440021808|-979391117|-1613049229|-411154735|994058615|1647566781|-1150534898|-730572167|435095158|-235459254|1964309514|-1137385940|424719038|-359650342|-2038903887|1238246347|380454493|-292630275|467459883|-564324919|-818502797|416101149|1098101044|1959168457|-1117784571|-299051327|387055631|-153052795|730162448|-1903883249|2069968569|-2141313550|1731543265|-673505133|1613935970|2085415073|1403863715|1095067966|-1411732200|-602359960|1479782713|963012784|1454408389|-787685823|689798990|1333630393|1933438299|-1921600655|-573589847|-1579186659|-1836760243|521849324|1813759173|1098875287|-1084576960|-1814010377|255556768|-61816544|1397957634|1370298383|2141905363|1608900208|-1735944261|94675465|-1368715038|-1759955004|1687776865|1537182330|52091093|-521057310|776557425|-18021800|-838411769
382214875|1335558369|-1357103555|-1901161459|-1242222275|-171329093|1841716730|-2041362445|1547461460|-1388457636|91285264|804780056|-788936530|-2001275989|871192698|-1893813530|812625316|-1396264729|1804855145|1856212138|2075613319|1732101320|-941284964|1054225744|786687513|1090792419|972218612|762357361|-116262593|-2037208238|388785223|205270415|-1500106253|-41242989|580034931|1082545822|-903372929|1850974128|-82369354|-1214547258|-2046647833|225648032|322507069|1133836135|-2066485594|197637357|1259935482|-1675275939|855813277|-316408170|1618375098|-655570812|1189862216|608323894|1687438710|-1434116226|-1055885006|-1478021019|-1742214168|-182740045|-1755636309|831243869|-1771698335|391938457|-4654665|-263310368|-749900071|-85749451|-1047694264|762442329|-1414772921|-1399240992|-1975069264
-1068704205|1402790990|449689168|-1813917756|108861832|-656964148|1492133013|386105251|-402878290|-531314744|746894885|-1389556133|1485480664|205635734|1393621076|-1365942393|-519102822|406540913|1904341980|73206658|216878781|-1365173825|154974157|241221968|1052409942|-382567528|800595906|-944414018|-477211115|-24143735|221268309|-746111289|146046170|2005936020|-82350892|-1278734792|334271885|1979612539|1424952628|-1548904809|1943955502|-1436203971|-1720732859|331159361|-1976191958|-461199648|-1248548825|-1573002031
165410161|1384407804|1404032712|1995282884|1276708169|-911893026|1502112618|-100482093|-713109103|851199507|-1673280026|1990079878|-1319821305|-2048345217|-1627067719|218214426|1618685441|1779897177|-254615981|206148720|2083236274|1460884001|-533296647|41693217|-1305445461|-1135423279|1406634733|110643157|-1161091932|-506314414|-1275834419|-615419179|564048765|-362084815|-2022430664|-1392632867|-1808492673|1710870930|-2112345417|-1323025610|579195622|417054564|440014041|1062149636|2089177507|1424383702|-1848211041|447336156|-1018664867|2035441416|-1835904486|1736373145|1227538361|-497560827|-717192110|410530928
-373931791|-1251363734|-1165721536|391991339|911339646|1454543873|1022214702|1049345883|-843895644|386048986|1251728497|330786729|1842048145|1127340990|-1156842390|919094113|590321629|1594780832|-1704944649|-1783143003|-952772095|721027330|-379599865|1410485104|-1252476663|-344973416|-176528271|-1368147752|791176073|935171114|-1890527999|-1823037806|1563322829|-951385410|1356190676|1038877627|-524855725|-967112459|74618085|988041173|1907939709|1044287925|1503901415|-559263473|-196969342|134758152|-1028640428|-660837688|-447606875
1201180613|2074499157|-2033956950|221682282|-1922167164|-764063742|279789188|-1705926446|1546021983|815583831|-1695823022|-491672568|-1191541314|-1163744869|-679090804|1931413745|-1247081224|692903325|-192182407|934963762|1860695009|-1326145615|-1507802140|-340271663|1120688807|-1873972487|-165215474|1512110364|86644702|-79686427|-1039623450|1077108425|796732888|1114434044|-139905417|866059102|-1626291910|-1495141669|-1951350623|1161417683|442787019|-406024834|-1534212597|1509204597|1484377743|1974437566|-1712881064|-1439203828|-1096791532|1210728474|-1358492520|831117120|752122890|-1863979591|188897024|1741494328|-2095035623|738865327|-1930758690|-1734962557|-1529871889|2095747455|82698694|-291510469|-1911619945
40937745|-1894560409|382698257|-1863404348|428590215|1290492577|-1878623458|-2127843435|-167181477|-705416712|-277001382|-976744511|1040728663|729169175|2013855120|2058703224|1742463575|-1905208410|152526409|126909620|93434363|885880047|-1502093402|1600467321|1857306263|2019194820|-1857071761|1440658525|421249134|870732960|42131051|-35733685|-882567648|-1933382132|1591185137|-425059709|1108902752|-108364988|-1966493505|-514375196|-84859159|1484126490|-520639479|808163949|-346989646|-500218599|-1758859819|-782763007|-1358988960|-1475918100|79847301|911053674
-1474638847|116605877|-1527750497|996588260|-847840919|-2067362746|-1199778487|1557481222|133724161|66846139|-1052092541|-690395060|95338198|425046979|-454251295|13429330|-1606475835|-665855210|-405630540|-2080585634|1247378018|-390482812|111149195|1762277521|1577761051|-1854720694|-1939411461|393524825|718765212|1744033959|1003060387|1066778665|-1135896205|-780896594|-935531158|380517484|491867127|-1780534179|-1571500022|305183158|342705766|994435311|577910738|443743804|388693325|466637934|-1867843417|1621400198|1104598572|1561961355|-747032501|-141593758|576330841|1745632433|1627627489|-1920829669|-471408604|-658881961|-590112336|789967339|325067835|1202763413|232097575|-2122566227|-1672676016
1254968096|252217558|2045478904|-555225188|1580729448|-322858843|-1042097962|1099849839|975762559|2071177881|1684097784|528574426|-1454928229|1426778403|577163392|813729671|-940510478|-1891391587|-1798231674|122302586|1205819961
-1749408451|-1133258907|-438422169|593426621|1410748756|12483129|-1539701314|-1362626641|1736752030|1941269248|705114379|-774940213|640068084|-1175555095|2001425963|-1136494595|-1637847974|1142925476|348710353|973321227|1087548768|-1498384144|736428935|1338302291|-638720822|1034999921|-199494926|578082998|-864563086|746229702|-1879534247|-1793813036|1064638317|1877871323|2143796071|-1825109127|-1536722067|662517882|-192393424|1521658198|-1359791003
-2044355983|742546675|-2096852366|299469614|-1659294437|-1270919196|-1665637895|219822581|-2056902638|-914631366|1138331148|-1760778601|-407375823|333134396|1576439057|-375145551|-645231215|-37130665|740893605|-957714818|-421315829|1852880466|518285757|-1249229023|998500858|230350533|-121930226|1824627265|1055702597|-770793013|727026607|277563355|-1440037220|-644795402|-974518789|1216549714|-123505407|-792777597|-1393934661|-248583990|2046860169|-1783677746|-986989947|151430071|-1554452125|1166306056|-2076645538|1041836720|887972889|1203553318|430184870|-272173943|-1869367018|1147451676|1821569845|-1359525217
-1106863286|594974912|-139535243|738243013|2041637942|742873473|-1908180865|-187549486|501576828|-136270569|835845694|1920310691|-672246270|763669418|576249228|1354097790|892702063|-1034132398|-869615816|1393993700|923703005|2117907897|428995285|126311377|1915300300|1364036862|-541631025|1441857857|1927233626|-542396708|1382754238|-722661898|-1006641744|519794443|-1265577986
-1445247041|1080359397|-1109141377|578992221|-1368610772|-1109846963|-1546366503|1773574858|2026391688|-1241025076|-409496414|-1376556231|-2001412668|-1386340100|544914435|-532170628|1925813987|-839164375|-464931447|1100979713|953279217|1123171380|-1183385032|610699606|-1596775885|-690242630|81609957|524375023|-1172326753|-2136143754|414570949|78230823|-2035931250|-1771215645|-1326238912|2017480836|1717718191|1777118245|467216395|1547363390
-1169846743|967368309|1403542530|1194047606|-1543181814|617095424|27053043|-2114914236|864152246|1244719154|-1913415696|-1393744067|-142030383|-1452331603|-562672868|-1168021296|-1741398823|-650093443|857400218|-398677313|-1796157302|-615976271|-973826408
-1755040125|596256812|1335775375|1226429357|-710948568|-125129028|-6916664|1383234893|-2033776182|1153621867|2037884705|2000362541|-1870127867|2047731989|-1535996144|1888877606|328403305|2045170746|-1104610584|-844225961|-803748|-632197099|-582302629|1208177241|705493310|-188973843|1465470783|-1554730313|-1540319538|590063530|-939614315|-819149667|968077004|1842162346|-2085532730|1359520462|-2061261858|-922212395|1261358894|524270555|371925431|1330515950|636092638|1433435025|-1291551883|-1681216724|1730392733|-1903585357|-683078582|1756600073|1480571952|768537576|-322732450|-1095676584|-1555499301|-1565241098|1155865588|-1746335587|-155521753|1515666224|-522416437|-1445979752|265306852|-268112851|-1924222522|-1167687133|1057036657|-1949297734|-1818732338|822077757|-213060550|-1241138159|1066021623
144695682|663731530|335424225|1834652204|-1537545374|-314149871|-994580128|-1685970427|-989588208|639283096|-822583713|798909791|1067608164|-2061759793|-565808127|1292285429|1787746200|-806411054|2121093128|1393753444|-490014897|-1014338397|13813626|33573373|-1434790696|55014424|-397481855|-506897188|-718312269|348257814|-1109934445|716277049|1434682707|2094873599|1608692946|2085707005|-1889209819|450555496|-795919692|-187024744|-1618967856|351755535|1103400678|-532780015|-488168770|2042124812|-861481875|-1153855650|107408603|21808197|1902499342|-1172988939|-1686423652|-1371718361|-542499856|1270772130|-43852477|-209320558|889927551|679411867|-736344992|993867284|-1874564718|-1377804591|553315482|1533527641
2010406536|-511540305|-1714219038|-390316466|131758633|-1519401288|720369653|2102273660|-1503188649|613921713|-1509471020|71971905|-1631390913|-456536263|972022321|1481998437|857199156|1332380309|-1276114720|-1993507025|-1296515974|1850136058|-840106546|1028001358|-1860671903|-1485632757|347425841|866123005|631345557|-1122378848|-632119552|-1581419935|1559526836|-1741004600|-1776110170|940299829|1882344993|-928061935|1144942577|-227467352|406354199|2042047750|1924212048|-316363131|1715180544|-186325768|-730744003|232395412|-1034809081|-974038271|993144568|-523868864|-1334525460|-2064669115|-1993243019|-428926599|511980566|431936635|2122800278|884696539|-1354810898|-1747723605|-1457554276|-1716540145|-670550678|1152077368|1460617435|-489912207|-1357121561|-508614111|1331013805
-21607621|1549608067|-1867359832|1371308608|-187860982|-918661022|676266003|1671541796|-2016453288|1074349992|-843464043|1997596202|744484192|1297316205|-1100563153|-1859196538|-1748884573|952645752|-338053269|-1681214155|865192003|439236101|66619861|378064994|1527092368|1809716424|-300292438|-1133478133|223775971|-2098716623|-1066698289|-838036252|493003690|-1538804751|-612002812|1728844411|158202308|-1486415939|615634265|-2039680868|541544463|-1860250798|1439533792|-335692298|-800489922|-343425352|319271843|1000927998|1778189039|-156806454|642113752|-1329127406|280625404|141688308|-1795529389|803428834|1759264272|2014806334|-1561753541|1982826507|35649149|1833539978|-1845317888|698120708|-824731059|-1871873767|-1739738484|1835263549|-887634026
406574008|-1961838715|2063078930|149130439|1487864577|167005355|568100846|280177007|1879142266|-323121560|-1616595998|-1143618759|-1417506556|-1731133572|685440129|-480377150|-1031921219|1666132758|-1781569326|-1154849692|-1674265930|-961997448|-1624313314|632138610|1383401448|-1619488038|-161391861|26187201|-1845508249|1783408783|-100342807|1003226987|634390487|-1535615898|-1535086517|-1373632817|-1375446497|435459666|-518393383|-788549413|-2051216803|-397674419|1820863589|1782623629|671986713|1284624504|-707516613|-900142922|-362592836|1322486150|-1127227460|29987584|1168885570|176569691|-2119364307|726314803|-1099089874|-1754771985|-963107380|1707847603|-1836246850|2070489208|1172874532|396486732|-430116256
112833442|1250285618|876770148|-256294157|735213415|1519161410|489230834|745820468|-823167394|1364900238|-1898550723|1738421264|1106985361|1587740696|173657080|-730784068|-371850824|937027036|-220026103|-568608325|-936330989|1327841811|1757472636|-1787494965|-587575687|-718409546|-1190321991|1113086209|1227470255|786331200|-1213822983|1522303538|-1651390211|-947807304|35055094|886677141
224413422|-1245394975|-1210475098|-977948744|-1825697020|1306986393|1356328780|-1512677397|663252271|1428955929|648280125|2033959341|-1648084545|1060837169|806086817|-1917377738|-1400748708|-296046216|-1800677131|847658232|-549255535|753372544|-375959246|-1457777677|347501454|940585291|401710637|-1595593402|1544351785|-1798177538|1575721281|-404560120|1952094246|-257367596|417580586|-1688008104|2054056375|537859157|1003481907
-141355963|889793990|1038452628|-334059900|247951216|-1429311261|1290325013|1771986176|-1034363308|946087371|-354420234|1632922932|-1985338610|-1375846085|1113803794|-616885673|-1030396290|1869007614|899665473|593031524|192968781|2077276068|-324679938|1865772012|-1624863951|1217538417|-972974263|-968438744|1099624815|-74625896|-2094517042|856596045|-759390815|986596009|925803079|-242103516|-666211399
1674971678|1956595673|767850053|1249888285|896294741|-1087279342|-5833740|-2116595183|2073798826|258168643|1859098968|615163322|-1035970059|640989760|-177874195|15124752|1543593941|1475101203|1563192153|-1762960286|-1091911285|-577679601|-893361675|-1648779124|-604635867|-973894875|-710904437|2052140136|460947934|625466997|-1574037663|-1340209788|69921988|1388812584|-2055816586|509808661|-822744165|-851974532|1924385547|1036454444|-240915967|-1089676001|-1537992092|-522615257|191818962|-1573076799|-162938161|1304991849|1264336845|-1743959836|-645675035|-438883251|-152970889|594411765|-919931121
-500983489|-502262368|-1649554356|-743822932|-1874607134|43852640|-400597200|-1679978812|336880144|-1032594860|-701916113|207645021|1311597903|2087357273|-1408020965|-300292174|-1757038816|1636102740|459193322|515417324|1928042079|93049295|428727997|-1904918312|1637541615|-2125843513|400913437|255475419|133584790|605905859|-623349625|-1611243486|2110947876|-205392344|-1302751702|-1451365091|-250582565|-1927712565|-2081868818|800236077|-1070138358|810117320|1074876600|1089549211|-1919846662|-951178863|-815610132|440310988|2006113038|-987219639|-752217037|664710834|-325268955|-1502785966|1547362685|-1868525178|1766488386|1199213092|-761428151|-1463472717|-1354327953|-368112288|333058595|-584142827|-1581427491|-1326237404|1867549550
1374280016|767701409|-926512541|-335337240|-464457543|-802130455|894325081|-1086340488|-1137660124|545497357|-835978426|636489634|-792247084|-1919113113|-324960891|490587169|-1517199444|-1422447821|1087537625|1612516760|633519823|1276487524|964517041|-1124170113|-1841177461|1190897589|2052498349|-38214569|-493235598|-1714143491|-274126752|581096741|-354165815|1165255879|-1347134633|-462897123|1826363942|-1152514271|-648062118|1890672028|-143949740|912385460|209138929|-1889576357|1210779513|1460374036|-971827671|-1335002655|1409454715|-417074855|-1272874345|1615195193|1632117662|-1364411666|298685341|-783496475|-857061263|-1308692312|-207851284|1214312722|1736105962|1586871322|2048240969|1989518092|1822269136|-197223129|-1799117934|127580403|833615449
26439683|-1049608017|-306822893|-1953497234|-1235402315|-1973564640|-1225500154|-27558725|-673071000|83155098|-1336540646|741129645|-1022260607|1651054736|-1272072266|-1570453461|-1220538539|-1191153522|-921246550|984726051|573786535|-234357140|-1288534450|-1440565021|-300540305|265980352|-1111247893|-1782906456|90923997|-1537730412|-912021672|684519284|1450955932|1240832856|173747176|1688144420|1184461659|2022106138|271161219|-1905626431|-768138616|1112825075|-1759530478|-1847377643|-1585744802|959525316|-2064175328|141600385|2111960865|-1252138718|-558522947|289663502|-1259437656|-196188018|-961285466|-774204991|-1305852900|1932165097|-1584263006|1919503666
-1420715994|-684723410|-1418562209|375263854|93557057|-1438884004|-1968949827|-1105485911|-1100326033|-545046793|1380430480|2075502291|1368389526|1411647979|827048059|-2114388234|1225755390|-1048911389|-812973734|-183650742|1655142985|1024279604|597064271|-1493241674|-2126659680|477459961|-364185829|-1560040810|-561582033|-950661506|638111406|55206846|773039314|1309754337|-657793792|-123341121|-1778435568|-644489738|1657980449|211427432|1974868807|-514985109|-1938958705|-785745009|1207504169|-1772497620|-709421881|-1095305967|-1784272026|-788280312|-1737467874|-1956840426|-232288854|-1660973932|1331001552|-251333991|-1812805686|-53312177|-1058411175
-92030663|-1024431354|988965123|-783304474|-1695522880|837396346|-1261350976|-1302883624|333095278|448761407|-619310279|706990945|2086683084|860650470|1392299302|-432041210|-17271211|-1930673314|580692703|-750312073|-869151196|1064537495|525925939|328907727|825909487|1011552103|-1458436232|723674905|508000563|-1418872399|986696931|1861304085|-124703312|1851213763|2054329113|-1070747332|904502808|1306710016|1167706885|-1686029310|-331430142|-1242613058|-1414821652|1639062106|1624318244|-1634090127|284416190|120431487|1490583489|-1388517368|-1368095827|-1485675792|-889986464|-1587254633|-361555197|-1430967109|-581423682|-1580381899|1482447920|-1609780738|1400700933|-309145561|-1737407966|-920430166|-1639574467|873998909|1914918873
1318775041|1699746684|-733274054|-173175933|1262853750|301634044|1841080098|1287314205|-1425195143|2055919891|745246653|-1687279807|-1299256809|-1578779981|-1835977703|-1425374140|631016257|827018000|-1118000651|2125449764|-987815488|-1429955963|-1998733089|1360968464|-1880769434|1771612600|509169021|867864109|-1112955003|-1025901573|-1371122134|634512023|-1289519707|1565551605|857273540|1398103717|-1819013264|-1776736639|116982211|-4030608|48191217|-1466896427|1372576910|1231903894|42396157|-491055385|-268835575|1119642683|649371633|-1516651765|1369274994|-157985968|912088733|1628588000|-260926611|1802169879|1569669759
-1562164388|21970150|-1703045581|-1445000570|689881332|57037098|-535802582|-546277516|-2009218547|-1605249362|1659106714|-1801031980|-365936456|-403835619|-1291692619|689659583|-468058730|-616806971|611002396|1976417323|-381398169|98689437|-838358122|-1075844464|-736022559|-1150694519|958069244|444365262|1782859202|-1379058981|367811192|958783053|-2131440600|-1428714979|-1131937042|1585907557|1867210528|1796460045|1833303225|-179537920|502584700|1263425768|-1550966630|-1092369026|-1393811480|-644567573|155934188|-914775848|302679359|1682090262
1500302855|-1855008742|1297342259|1275981145|351186342|-1481555542|572291606|396623239|1626356950|652434887|1073550629|-1602289544|1996795745|1874322504|-975610342|-1361214371|718342177|-115307627|1615953415|938141050|489837474|-1217113991|272273050|722752536|-1581618938|1913286460|-808280158|332645824|1790793001|274946544|670109905|-929282651|388486148|1337606155|-1824767037|2052479073|-1913029546|-328271050|1987701310|-1282251036|600015232|-245271197|2057270459|-830315351|1899442096|-1084957659|-73636571|741025065|-2065856958|956446011|-835679776|-917433196|1472435298|-353949587|-474192628|1705723838|-1417839627|-1453911397|-585481206|992155479|1637629625|-115231214
-1667909025|-3098198|948182049|602405398|-789539880|582513319|1280146411|-1491211445|668477372|-1309205419|158022271|542692711|-745215183|1963586627|2058115109|-2124673146|939549690|1332764495|-557981958|279846496|2061519665|-1365809081|6760127|2141326726|-1899714765|984351954|-1541013011|-859399957|962138330|1867662481|-810014708|207612581|-1201104911|-1870803327|-618630844|-1617366795|1490483940|1284133026|-1937000652|-765095804|935929271|-42416675|308440834|-2015414545|1533160505|-1172261342|-300855118|-1854303867|-1525075080|-2089626416|-807100485
-687866249|-1277386406|-705238825|273939792|-157740514|900918822|2129479962|-173203443|-296246159|-746360392|709399110|1315915087|164809476|-2138323441|78897244|-849863898|458792110|-1298761137|1680766070|878784817|186989181|-1486546273|-1753749292|923540765|-1135807511|-1328000428|318968371|1705894762|-2002257333|-1032483761|1428496997|-419321739|-1224648817|2063316386|1216077854|-2092503630|-726524888|-1414592903|-539031541|-1112547528|-1863518140|-149031625|-2217176|573076866|-611470272|-123750433|-133325230|1053257587|-1904001954|-1896941643|393891611|-171546470|-1222495307|1430887204|-1530555939|1861128119|-954645912|698927586|1625767185|842776958|446665498|1379045201|-56252959|693111706|-1643564127|-1975992536|-1581755909
661933305|-30474158|176386727|1313824820|-1124243846|809247254|463961371|-1567237753|1545087053|1923686263|-1702792179|1156835491|2123190556|1286763740|1483585162|1541543431|343266056|-815354892|-177707002|685578887|-1281995808|-712556077|-2101099085|-1574851577|-2097329009|17779552|-1319240427|-1496198522|-788913196|1163230195|-1958389802|-928249506|547954745|334852666|-934096682|-96685879|-559055555|520515420|-1255119226|1475777447|1367371731|-1025254305|365018742|-1238923907|-197130737|-550616626|-331682261|-645243712|1650445854|1743885717|916094262|76008788|-1438091145|-1622670544
1414260559|336783696|1939771908|-2022600981|-823247359|-1419874990|1362316812|109895447|-884540616|-1626798705|347788984|-1504739711|-739548481|2055995059|596998161|-1382278703|1701874216|2049853305|-908447200|1857646195|79382731|-1738458527|1375752848|-1782444697|-2129615858|917753503|727090322|-540215467|-1492501531|1796432982|1577089792|1979409892|-641303652|1909497861|1528993989|-1115072949|-1629187372|-1320023743|1886731131|-373053145|341342922|885350564|770673749|127921039|-182219809|-759439099|1825831742|-237036187|2009229140|447537129|1332136002|-1855584017|652818772|337477944|305741613|-989134939|1462998839|987984435|1501202801|532811852|184385028|-1864114267|1617508940|-1995568573
638524248|353302826|1932386844|572398021|-563305270|1495395911|1642285933|-230648483|991070497|-528624232|-1926718488|-141310481|1763593819|543218667|-2114368599|-185230991|947183049|-2034849204|1370597071|-811703840|-294510147|1887323051|-1950383027|118564228|906513026|-1476552517|1588008449|1099575160|-228987252|1363146268|-1577310714|-643324823|567900656|864727227|-1809754810|-2088755299|-1314152171|54899833|-106680494|-2145936329|1924254379|1468782858|1378232181|509816505
460398879|-1657810171|-317697335|28727746|-1152694329|-515050243|2018300215|1721177880|-601145326|1453665992|1998094910|-470950605|-847475977|-718378401|612003849|-1619867342|-190216329|1658016149|780606841|-1414050188|1861361921|2025416369|800978213|1985745738|-258703336|-1518890435|1528833185|-1317313299|1211998514|2110208541|-1329371133|-1364035918|-860752413|-1824049694|1271368099|-501030789|-1493404613|982070368|-1145202143|-882306959|1467267179|-334010755|-1090771797|421241839|-707584850|-1196850357|2035016575|-63775807|1049881445|-1398965927|-1894991697|989241229|-2141646972|-1153867451|-2002063581|1241826449|-317987027|1417774486|-113702940|485002126|-629728103|-1446603832|92444567|1238862339|-1490376385|-1161999705|-885983162|-994610530|-252025042|3291616
-808226577|-1534470978|797009620|-22820843|-1277227938|-1084363161|2082663087|88191394|2018494047|1108886256|-1743069767|-825142702|-1074403357|1695327691|-1037294613|-1450416543|1599091217|-929750081|-2037190971|542073671|1906140725|446569927|-1643837346|-1080203461|174708984|-1373721030|201538492|661986556|42370257|1439677483|1382575717|2091489230|1547325371|-1414110958|702037814|-1776391230|-631932888|-516127573|-1502069134
1675255093|2044515101|1400640285|1035569836|-647096802|-1961528993|2143166859|-1133791322|-34173709|-1985539113|1730381619|-19884015|-671936373|1952209731|-517767224|-1143929671|-2005429831|-1712350244|-508065910|327236108|2122448829|-127700296|410701528|1976305185|1558476797|-1702572689|-686501110|1049907964|91634933|-1701623807|-1116458883|-437350128|1625860202|-378075913|1696334318|757581316|1992068325|1723425735|-434675445|1617445818|-1079526817|-1729611396|-313795513|1696353164|-981362120|-1235128426|-1642269203|791486936|-909568402
