-189112231
5522326941
-7320703385
-5852857115
2663061537
8261443851
3369727925
10040900221
1696256364
276524307
-13611283388
4731189715
569994297
-9430044511
-3944721034
-18937650234
7738628661
-14835044002
-3012093887
-12787973530
951140101
19076695994
-2396505497
2189249050
1787763408
-4855493802
7991757672
-2561775602
8384899826
3937786668
-17570150537
-1721403836
17262946598
6243860678
-7719886920
6631215027
1589624440
-2765854819
5924113324
-8117466273
-1508471703
9863517006
-9124902488
-2105286454
3519400474
4536804562
-11191595377
-2628954570
-6445644529
7633406547
1561538431
-10326933403
14370766348
-6398709145
-10460909736
-2506566653
377357047
-9134610527
-2302521822
-11922732619
7391849624
-56753048
5485420069
-347767102
-15876815751
5534502071
-21809312231
-20585515006
-3862839058
4788746682
-9078371215
12455328444
-7842020249
-12986549413
-3877378183
10917221326
3808593536
-6327119639
-3234613612
4601292327
