16510,19943,16927,16656,18581,19525,
19477,17102,19722,17315,19422,17354,18844,
17813,16603,17390,19389,19961,19121,19652,17189,16959,16882,19852,18290,18959,
17156,18739,19888,16641,17279,17611,18596,19437,18091,16792,18410,19044,
16966,17077,18928,16512,18815,17875,18699,19392,17559,
19022,17952,19782,18616,19909,18338,
19893,16844,18625,19099,19706,19827,
18592,19972,19498,19981,
19462,19050,16510,16948,18276,19868,18059,19930,18495,17616,18497,16949,
17061,
18764,16410,19353,19407.0,19461,18612,18347,
19864,18230,18388,17864,19286,19472,
16893,17945,17754,16803,19855,19694,17540,19515,18612,
19775,18566,19823,18082,16689,18004,17500.5,16997,16566,19626,18414,17291,19830,19903,16847,16455,
18938,17257,18873,18858,19712,17946,19342,17819,17849.0,17879,18996,
18649,19394,18119,17811,19457,
19153,19403,17140,19615,19835,17861,16819,18422,18354,16574.0,18538,16721,17370,18011,18163,
17335,18188,17570,19919,19526,
16617,16755,18300,18255,17978,
17292,18161,19977,18270,17477,18649,16776,17699,18233,19600,19254,19902,17957,17174,19821,
17695,16867,18102,19443,19727,16928,16487,
19316,18430,17319,18057,19550,19018,
16771,16614,18440,17476,16491,18417,17552,16912,19722,16585,19390,16524,16576,16948,19306,19435,
19319,18558,18739,18095,19302,
18033,17422,19541,18338,19772,16466,18420,18565,17265,19409,18285,
16845,18321,19122,18242,19021,19799,19677,16676,17317,16727,17608,19078,17006,17706,18727,
19405,19270,19328,18098,18029,19965,17205,17613,16699,16979,
18726,18404,18721,16801,19061,16507,17629,17983,17188,18467.0,19746,16879,18375,19763,
18720,19930,19711,19509,
16506,19065,16974,19673,16482.0,16643,17363,19508,19224,
16495,17694,16662,17654,
17796,17304,17000,19464,18730,17466,18812,18018,16690,19420,18662,17651,16468,
17305,18179,16612,18109,19210,16955,17424,18310,18317,17860,17338.5,16817,19953,18755,18274,
16669,18916,17841,17123,19018,17217,17132,17439,17761.0,18083,
18201,17799,19136,18528,17995,19022,17872,19443,17638,16862,18975,17630,18792,19234,17788,
17838,17285,17506,19038,17052,17405,16607,19005,18672,19355,
19238,19403,16910,19854,16846,16993,18306,16549,19375,16491,19525,
16671,18690,16546,17329,19703,19853,16905,17154,19629,17935,19578,
16900,19818,17017,19375,18185,19068,19836,17345,17667,18014,18056,16479,
18572,19450,17325,18764,16596,19759,19340,17692,
17781,17140,19910,18229,
19578,17727,17904,19872,19714,18545,17171,16615,17333,16854,16711,19848,
17763,19422,18531,17036,16587,19662,16793,18261,17432,17011,19080,17082,18448,
17492,18498,18281,19959,18480,16639,
16495,19639,19746,17196,17604,17635,18028,18263,17583,
17065,18919,18909,17262,16445,18732,19138,
17274,17453,19894,18858,19151.5,19445,16600,16567,
18747,18333,16806,18722,19024,16623,18271,18421,19551,17061,19558,
17931,18304,17751,18288,16842,19697,18915,18157,16544,19646,
18733,18865,18730,19459,17025,
16479,17589,16441,16637,18427,16402,16828,19660,17369,19836,
17477,17306,17569,18897,17636.0,18298,17433,17824,19028,19718,19704,19289,
19377,18357,
17728,18260,19421,19280,18467,17945,17598,
