12972,14133,16510,10768,8405,12749,6761,19943,11241,9921,1614,6169,2740,11473,NA,16927,15007,9190,5173,9793,16656,14264,3766,18581,5379,12474,14670,14703,15503,19525,5998
6693,19477,17102,19722,6728,1897,6326,4642,17315,4209,4993,19422,9660,15470,NA,11492,8096,3383,15384,5458,NA,2729,17354,11595,NA,1056,12738,7971,6897,8393,NA,6547,580,9819,5424,2026,12006,2980,1156,2850,2570,7867,NA,4219,2502,14631,NA,14194,1039,9891,508,2147,2741,13829,12783,18844,10319,3365,1922,8421
11946,10167,11166,11808,17813,13660,16603,11626,17390,5411,4401,19389,14349,3353,11204,11309,2151,19961,19121,NA,6882,8813,6915,2978,13515,7700,19652,17189,9470,16959,NA,11262,14880,3836,10341,9808,9365,7199,NA,1417,16882,5928,13078,NA,13865,13679,NA,470,13798,19852,14217,5858,12151,2404,1054,6194,18290,9863,13525,18959,12191
4717,592,17156,5905,1288,924,18739,9987,6068,10831,10549,295,14086,7357,6750,19888,16382,1808,NA,10424,NA,11730,16641,12471,15075,16191,9912,8385,12402,9614,14217,17279,13502,8691,1127,17611,2144,13571,18596,12442,6250,14261,5616,1353,4266,9846,11390,NA,19437,340,NA,6643,NA,18091,2129,521,9536,8577,NA,7016,2438,5152,16792,11509,11303,7457,11367,18410,14417,15198,11576,19044,7640,3639,849
16966,17077,5286,18928,14815,7546,3406,15712,14599,7450,15983,13032,9187,12015,14258,16512,14584,NA,1473,3343,8420,13159,2620,18815,17875,NA,9310,18699,7391,5456,3505,19392,9458,11500,3800,NA,8329,13402,17559,833,NA,12443,9395,10162,6210,10466,7696,16090
19022,4374,15763,455,15928,5941,17952,2280,9549,12786,2441,5837,19782,3891,7049,1070,6680,7210,12594,2824,485,18616,7404,9921,3016,3915,8345,2916,8328,10804,2208,2243,12877,5546,NA,11805,19909,8045,NA,3199,14787,15440,5637,12034,8617,481,309,18338,583,6920
6258,14931,19893,16844,18625,19099,5828,4758,10903,10067,11226,12021,9870,19706,3141,NA,19827,14499,16210,3867,2071,7132,15148,8511,11744,8683,10302,2495,1265,4899,9653,1650,1177,1964
1498,7737,245,660,7976,9170,11980,6625,166,18592,4712,19972,3137,7292,2144,9994,3722,19498,3274,523,19981,13958,15071,12077,NA,2765,5593,2861,11740,4611
4959,11265,4018,19462,13812,4343,13118,15003,19050,3911,4137,5064,13100,7786,8929,16510,8082,9196,15300,6134,16948,15865,18276,12376,7638,8999,8117,19868,5913,NA,7051,NA,674,7524,3888,18059,19930,3421,18495,13735,6695,9599,17616,441,1559,8085,10566,NA,12366,10636,18497,7228,14949,12242,4474,6558,1948,2892,16949,13044,10418,1402,5962,14590,6364,13833,13167,4029
17061,4581,11648,4471,7272,9017,6716,5756,2123,5189,9005,14825,11009,7711,1287,NA,14865,10793,12497,1680,1922,6313
15961,5544,6970,9391,2969,678,18764,3557,14956,16410,12101,19353,NA,19461,3014,15240,11744,8857,5873,7429,NA,15854,18612,9533,15322,NA,5887,8715,4836,18347,14646
15490,10187,7278,5959,8344,5685,2362,14669,2086,7617,3831,499,4926,16178,3503,19864,664,8122,2956,12783,14758,6829,14886,5179,9221,12513,9537,18230,18388,2424,9131,14992,7447,9571,12175,NA,17864,15599,8011,13574,19286,NA,5924,13878,1632,8576,16054,14572,5805,11227,3610,16075,11584,14963,NA,16356,15645,12215,10967,7895,14432,9137,8730,2328,16201,NA,12707,15789,6971,19472,8136,NA,5376,1903,9219,9906,12819
16893,17945,13280,7529,753,17754,2762,2327,16803,19855,2145,14049,11634,19694,NA,9419,5086,12562,918,NA,500,15246,1360,17540,8230,7860,8236,7897,12951,5675,2223,8636,19515,11433,16326,1765,3431,9888,2664,4971,18612
2262,16203,7762,19775,18566,12107,3912,1826,8817,6801,4317,19823,18082,16689,18004,NA,16997,4839,NA,10067,16566,4914,2250,NA,16058,13785,19626,13680,1944,1331,7331,755,18414,14611,NA,5881,NA,9116,8128,13914,4549,13117,14735,5307,17291,6398,19830,3742,2856,NA,10025,16031,7344,10296,1009,8265,13219,14532,2576,6065,NA,14609,209,7351,NA,12777,19903,6322,5939,4767,2712,14430,10833,11623,16847,16455
3872,9894,15466,2215,15962,1029,9134,222,16069,18938,17257,NA,7571,4864,12726,18873,NA,13666,12222,NA,6119,1111,12556,7070,6066,18858,NA,150,6137,8049,220,8620,19712,1517,5599,17946,15624,14534,7261,2602,14224,NA,12014,16071,12534,NA,6030,2845,7870,9171,6193,19342,NA,8903,NA,8342,9555,17819,NA,17879,6009,NA,16101,7366,NA,18996,14611,1824,2601,9588,10332
8863,689,2760,9002,14551,6888,6107,1503,13025,11355,751,869,18649,NA,6205,1456,4028,5034,19394,18119,13667,17811,3062,NA,5392,4556,1391,5630,19457,15956,12310,12754,5502,2055,1037,4810
11973,13302,19153,7258,3341,19403,6623,17140,19615,16235,15059,2616,2027,19835,14591,17861,10589,10891,3386,7407,2729,4655,8611,8664,16819,3029,18422,2093,NA,12702,14395,NA,18354,NA,14794,10486,14230,5184,15950,18538,14748,16721,17370,4474,7260,5262,18011,1974,9541,7396,11662,NA,6047,12649,7138,13843,11536,6295,11121,8714,13289,2305,6243,18163,12576,12255,4358,14933,11223,2031
4137,9043,13006,6167,1888,12094,9159,17335,18188,16181,11451,12267,3899,14209,16099,14485,17570,5507,1891,19919,1002,4701,19526,7195,7070,16251,16049,13299,1324
8692,9348,16617,11572,7575,14140,966,7848,5120,3311,392,12879,11228,7190,4488,16363,5117,111,882,16755,8902,18300,18255,17978
1261,13013,13401,2046,193,13018,12967,10616,7397,4963,9542,9249,17292,3242,18161,19977,14114,13082,2868,10102,100,8171,18270,12145,12948,17477,18649,14329,16776,8062,16231,10027,9959,17699,13756,1668,3751,2292,8549,5479,11566,8052,18233,19600,19254,12462,11590,2942,4792,NA,15420,5549,2917,12616,19902,17957,NA,12387,7753,2405,8284,12452,12895,17174,10014,108,9300,19821,14474,9579,3624,4798
5811,4731,4677,7809,17695,13746,243,11231,16867,12673,12131,6515,3876,18102,11403,6619,19443,263,7488,14897,NA,16005,4913,9839,5212,4034,11450,19727,13941,15206,13366,6393,10014,11669,12599,14783,12480,NA,1979,9508,3101,15479,3693,57,370,6392,3717,7206,4657,1197,6255,2629,12423,1975,403,5923,15181,NA,16928,529,1053,1037,13526,11289,16487
11744,7015,11792,6983,6725,19316,3045,14843,4277,4527,7136,8052,4723,NA,2433,NA,4616,11771,11514,16360,15775,1948,8053,6706,NA,15537,16021,9469,15280,NA,13670,15905,NA,15411,1945,3155,NA,6664,NA,14208,18430,12448,5579,295,1662,10907,8871,1840,6285,17319,18057,2290,5014,19550,19018
9749,16771,9024,6483,16614,5576,1276,18440,1619,9796,262,10287,7075,9667,17476,16491,18417,2775,6511,3255,910,16243,12441,NA,1632,17552,4873,315,NA,1486,11084,12989,7187,8731,1731,10517,16114,7746,7032,13364,2956,274,12378,16912,19722,5282,13999,13487,4491,10787,16585,12094,1132,11171,1032,NA,4451,6627,10894,5394,14811,10656,6149,19390,16524,16576,3731,16948,19306,19435,11177,6337,13064,7689,2390,3469
11730,8570,325,19319,7143,9774,9651,18558,15114,18739,18095,4976,8322,10419,3862,4634,NA,2054,6898,11284,15969,931,2807,10653,10697,4026,5237,12768,11987,11862,6170,19302
8248,3579,3281,225,6852,18033,12818,17422,19541,10250,1863,15317,13107,NA,1515,2073,861,18338,14501,NA,9413,3416,13128,10893,5413,19772,9127,2169,NA,8843,2913,1954,14784,11858,6614,4206,13931,4915,16466,1954,7401,18420,NA,7649,NA,15289,15805,10716,4624,3917,18565,13148,16364,5304,17265,1587,4707,8148,14007,NA,16355,NA,9106,19409,10725,NA,5376,5699,18285,9377,9965,7342,5278,5506
8068,8641,11575,7192,44,14694,5025,14064,16845,1999,18321,13500,16230,2197,NA,503,15253,802,9610,7958,19122,11272,18242,8858,2615,12019,15798,19021,13017,14978,19799,8717,1038,16225,14990,6179,6152,12297,19677,12782,15373,16676,10459,15825,3451,17317,4524,13770,3916,16727,616,16295,17608,946,5335,19078,10001,5107,17006,11756,12903,4668,17706,6253,18727,15567,12631,9981,15494
3052,6429,9286,19405,3957,19270,5336,11148,13059,16112,19328,12953,11438,18098,18029,8372,385,NA,4706,7293,14343,6645,2123,14801,NA,16257,NA,6422,5504,16012,11242,NA,15165,7110,5745,19965,8580,17205,273,9054,354,13718,12509,7035,11196,9577,17613,10872,4619,3508,15785,16699,5268,12888,2460,16979,15285,2215,1863,4779
18726,12075,8706,8849,5716,3067,12875,5173,9053,4405,18404,11655,136,18721,15817,10022,1730,13947,8743,12466,16801,NA,14905,19061,5445,2784,8694,16507,15911,15780,17629,2964,NA,314,4553,9914,3924,5870,3015,17983,14850,NA,14174,4477,NA,5505,17188,NA,19746,5309,2519,3603,3690,15366,13942,NA,16879,2906,813,12181,9987,1048,9505,11627,12663,NA,18375,8723,NA,2228,13282,875,12964,6117,19763,2416,4884,14363
3024,7496,4221,4841,15436,7043,9122,14217,18720,3370,15430,7202,1022,5739,11793,11536,908,2485,13043,6403,4506,11460,3157,9108,3771,138,4416,5072,636,13152,4207,19930,19711,19509
12077,555,7437,14722,3597,16506,19065,16974,2447,12736,15299,733,10494,12070,5015,6504,14450,10358,14645,4970,12043,16258,12891,9432,3633,1282,19673,NA,13291,NA,16643,11140,14831,7100,284,14256,12590,6252,7992,441,1012,17363,19508,1708,7821,5754,3913,19224,1611,NA,4624,3663,14312,6245,6721,1843,12488,11940,9170,4804,15507,7231,423,14451,10970
16495,11189,17694,9930,6122,1243,509,15402,3139,7086,8409,1295,13036,15703,15268,10438,707,3751,9332,5408,16662,2431,12174,2525,15546,9531,11848,NA,8351,17654,4901,12931,11208,6312,15091,5415,8564,5399,8478,16119,7776,10416,9528
738,15210,4939,17796,15362,393,11681,923,17304,4482,17000,12052,14958,2863,19464,4570,12515,13701,NA,5790,18730,373,17466,237,7432,18812,14262,13472,16360,9956,NA,6502,NA,11783,7381,6106,18018,16690,NA,12383,2296,14131,12489,10483,NA,15769,19420,14547,3748,18662,2747,6806,6362,NA,14114,1580,17651,3278,15273,16468
15335,1451,17305,4525,18179,16612,10683,6720,5235,9949,2656,18109,19210,11712,NA,16955,9899,6088,5967,17424,3102,10670,NA,5325,14035,NA,9931,11871,813,6274,7374,NA,746,14252,3789,14496,18310,7272,6106,2389,6195,18317,7790,11605,1299,21,17860,NA,16817,19953,12496,2611,18755,1221,18274
10716,13349,3990,16669,18916,9155,15463,4268,17841,17123,4384,9678,7544,13821,4335,7098,6148,13027,4538,16083,NA,5593,8164,4232,19018,11754,7114,1733,17217,17132,17439,NA,18083,13327,12762,15121,15398
16070,12991,7507,18201,10867,2013,15304,1434,11202,3240,12275,5271,13500,17799,19136,15307,NA,15147,15861,18528,1983,5394,NA,563,NA,7710,6685,17995,NA,4713,4394,8244,14627,NA,4004,19022,9715,17872,869,2775,19443,17638,8161,16862,NA,1532,14523,NA,12883,2455,187,NA,13264,NA,3774,7200,199,18975,17630,1122,5728,NA,5712,447,11850,4518,66,18792,19234,889,17788,14864
7680,13977,15542,6136,12104,9908,4219,11401,7096,11404,17838,7291,5172,8624,17285,8403,1819,7547,5544,NA,6007,1597,4252,10744,12196,13302,NA,9854,17506,14002,14662,11466,NA,19038,17052,13567,16057,8386,17405,11804,16607,5591,NA,2587,5714,403,6291,11171,159,14478,19005,13250,18672,5493,6998,300,19355,5517,NA,6114,11794,10912,5639,5758,10371
572,13180,4652,19238,19403,12562,14174,16910,8825,3088,1386,13955,19854,16846,16993,7889,8276,3833,5544,15751,14556,10959,18306,12754,NA,6595,8101,16280,16549,7259,7110,2799,2169,19375,12534,16491,7741,3008,3870,8863,11307,7990,12434,15097,NA,16179,5617,10631,623,19525,2786
7775,1884,16671,2567,13857,15336,13507,14770,18690,12640,6675,NA,1677,6149,6751,12348,10217,13179,15331,12090,12508,16546,7436,4978,17329,16324,2808,5469,19703,11810,13327,2014,12966,10803,NA,12000,732,10853,8355,7038,1071,9481,12886,5686,19853,2571,16279,16905,11122,17154,11438,11485,1616,7848,19629,3519,5656,12093,9150,3979,5018,8319,1014,10422,7502,17935,7095,11033,8447,10048,6498,12295,19578
16900,11361,8572,4539,9324,12847,19818,15310,12089,4678,7334,7832,11163,17017,9489,NA,19375,811,12055,3114,5905,18185,9001,10559,11158,4968,19068,4646,8511,4147,4553,9030,19836,9736,8784,17345,7554,17667,16112,4339,3698,1877,15352,4959,18014,18056,13672,6021,1912,6966,NA,5545,10127,3618,4398,12540,10410,5059,9103,12815,16479
6308,6101,3890,18572,6448,5326,11404,11552,2079,12247,14876,1677,6617,6793,14542,5910,6947,11593,15107,1788,19450,12672,3528,2822,2648,5586,NA,17325,5554,NA,18764,14707,NA,2429,16596,NA,15118,19759,13590,3739,19340,17692,10320,13341
7864,527,11222,9807,9333,10095,6399,17781,10610,8896,13315,17140,19910,8716,3669,8654,8406,13201,NA,8430,18229,14295,1829,15250
11370,19578,13686,17727,7737,728,16052,14056,12394,10698,10334,9595,4278,17904,12050,13571,19872,12284,6543,19714,7372,9775,11001,7178,18545,12159,17171,16615,13229,14454,3267,17333,14940,8741,NA,16854,NA,6746,14843,13271,10578,9247,NA,8950,NA,3431,16711,403,7109,10315,2353,10156,10991,8439,19848
3469,9829,4394,11846,17763,2119,6276,16348,1335,9766,10187,7139,469,8133,7870,10891,12062,NA,15353,445,2945,1612,5514,9096,7516,3614,2166,13069,11966,11775,19422,18531,7123,14484,14025,7105,2940,8557,6297,12892,3268,10694,17036,7122,13530,11202,3386,16587,6503,19662,4618,16793,8034,13811,3310,NA,11569,18261,NA,13849,7382,16089,2642,5526,NA,17432,17011,19080,8591,17082,2388,5238,18448,11675,4972,7619
17492,12188,3821,6754,18498,195,231,83,711,15345,18281,7604,8140,15649,9286,10226,10378,NA,19959,15751,14064,10693,7785,4883,18480,16083,9930,13975,16639,4510,10932,9486,7632,3423
3279,16495,19639,2662,13037,6063,14887,7493,19746,15100,10001,11141,8333,NA,9704,1413,NA,17196,9922,13759,17604,NA,13541,13449,1150,5841,1366,NA,4681,15061,13240,8491,9824,11688,17635,18028,18263,NA,10200,14747,2425,4449,16053,7730,17583,2024,4550,2685,16358,2826
4092,8523,16211,2504,17065,3863,18919,18909,7424,17262,5219,7301,8994,15947,16445,15961,7686,1019,NA,7619,18732,12763,9855,14819,732,19138,6337
5231,8006,6366,5104,15894,17274,2582,2578,9029,2041,13173,15233,8616,17453,14446,1366,6240,19894,3484,18858,NA,19445,12555,13721,7247,10283,1431,13693,15012,4372,10867,16600,16567
15648,4987,7133,18747,18333,16806,6587,7120,9068,15560,15003,18722,14357,8723,4449,2619,7112,14694,12093,981,15169,5029,10423,755,19024,7327,8821,16623,14694,14882,12793,8999,NA,6240,NA,14244,18271,3786,15620,NA,3309,11732,NA,1311,18421,NA,8837,19551,4703,5528,17061,7178,11929,5727,NA,13590,3609,19558,4184,16018,8345,14627
15198,14847,3156,704,5288,12035,9659,5056,5704,5351,11058,NA,17931,8875,3521,1275,2670,1968,12979,14799,11034,16089,14952,NA,12557,698,15546,NA,12518,12880,14071,7190,5520,16321,7681,11547,7683,16158,1284,18304,15751,1014,NA,17751,18288,14918,326,5218,16842,2552,19697,9936,1694,14083,9301,7994,14233,939,15504,6725,4884,5039,13326,13559,7070,13190,1514,14474,1407,18915,NA,10466,2003,18157,14017,16544,19646,4772
8215,4800,15789,18733,2340,10331,5399,6259,16236,3891,3413,15553,11361,11334,14048,9683,14907,3244,12846,13687,4086,18865,15349,12215,18730,8246,9762,11542,NA,11286,2669,1569,2096,12604,13331,NA,10867,NA,2017,3532,16372,5100,NA,12300,19459,8765,9500,16044,3413,8270,15332,14996,12832,NA,11924,5055,14271,6717,17025,572,10467
13673,11558,8532,4910,10644,15227,1333,16479,572,16134,17589,4649,2114,5566,NA,16441,16637,NA,5911,52,12196,7589,14291,15144,8829,NA,12924,18427,5570,14349,2746,12365,10011,16402,10791,NA,8680,6667,14867,7662,6549,16828,3204,5734,10386,19660,5909,11387,4133,9860,NA,5270,17369,19836,5343,3087,3837
11908,17477,1337,16070,7021,1072,12509,12584,4190,6329,5471,10658,4856,8215,3208,12701,4368,7431,11224,17306,466,NA,6780,16217,11678,NA,1782,4663,11915,13703,17569,5511,7372,6190,NA,5074,7807,18897,NA,16375,13866,NA,8049,18298,11894,6075,17433,1281,5301,17824,16265,11095,983,447,19028,NA,11112,NA,4980,9357,4238,14412,10723,12112,195,19718,8061,NA,19704,4141,15530,19289,2117,1640,4379
16050,8336,14820,3545,1068,3124,19377,8302,18357,1781,11029,12361,NA,8279,4372,NA,10626,14299,15731,3334,9863,14021
17728,11295,6541,18260,7587,8085,3395,12555,14813,1567,15884,19421,1749,10700,2121,NA,7993,16343,14421,4509,4118,NA,19280,13171,18467,254,NA,1261,2123,2191,17945,2139,17598,2672
